746f64647a0000000000000000000000626f6277617465727300000000000000626c6168776861746576657200000000

















626c616877686174657665727300000626c61687768617465766572730000074657374697400000
0
0
0
0
0
0
0
0
0
0
0
0
0
0
74657374697400000000000000000074657374697400000000000000000074657374
69
74
32
00
00
00
00
00
00
00
00
746573746974320000000000000007465737469743300000000000000074657
374
697
433
000
000
000
000
000
7465737469746572776572657772746573746974657277657265777274657374
7769
7468
0000
0000
0000
74657374776974680000000000074657374776974683200000000074657374776974683
20000
00000
746573747769746833000000007465737477697468330000000074657374776974683400000000000000